XY Plot 2
Freq [GHz]
mag(S(1,1)) []
__cartesian__ 0 0 37.000000 0.053750 38.000000 0.285044
__settings__ 1 0 0 0 11 11 0 0 0 0
37 0.0552962
37.01 0.0550219
37.02 0.0547651
37.03 0.0545285
37.04 0.0543155
37.05 0.0541298
37.06 0.0539755
37.07 0.0538572
37.08 0.05378
37.09 0.0537497
37.1 0.0537727
37.11 0.0538558
37.12 0.0540069
37.13 0.0542344
37.14 0.0545476
37.15 0.0549566
37.16 0.0554724
37.17 0.0561066
37.18 0.056872
37.19 0.0577821
37.2 0.0588514
37.21 0.060095
37.22 0.0615293
37.23 0.0631713
37.24 0.0650391
37.25 0.0671514
37.26 0.0695285
37.27 0.0721913
37.28 0.0751623
37.29 0.078465
37.3 0.0821246
37.31 0.0861677
37.32 0.0906225
37.33 0.095519
37.34 0.100888
37.35 0.106763
37.36 0.113176
37.37 0.120159
37.38 0.127744
37.39 0.135957
37.4 0.144817
37.41 0.154331
37.42 0.164489
37.43 0.175258
37.44 0.18657
37.45 0.198316
37.46 0.210337
37.47 0.222417
37.48 0.234282
37.49 0.24561
37.5 0.256049
37.51 0.265248
37.52 0.272898
37.53 0.278767
37.54 0.282731
37.55 0.284787
37.56 0.285044
37.57 0.283697
37.58 0.280998
37.59 0.277219
37.6 0.272626
37.61 0.26746
37.62 0.261929
37.63 0.256201
37.64 0.250408
37.65 0.244651
37.66 0.239002
37.67 0.233513
37.68 0.228216
37.69 0.223133
37.7 0.218273
37.71 0.213642
37.72 0.209236
37.73 0.20505
37.74 0.201079
37.75 0.197311
37.76 0.193738
37.77 0.190349
37.78 0.187135
37.79 0.184084
37.8 0.181188
37.81 0.178436
37.82 0.17582
37.83 0.173332
37.84 0.170963
37.85 0.168706
37.86 0.166554
37.87 0.164501
37.88 0.16254
37.89 0.160667
37.9 0.158874
37.91 0.157159
37.92 0.155516
37.93 0.153941
37.94 0.152429
37.95 0.150979
37.96 0.149585
37.97 0.148245
37.98 0.146956
37.99 0.145715
38 0.144519
mag(S(1,1)) []
__settings__ -1 8 2 0 1 1
